Port,MAILIAO,KAOHSIUNG,ULSAN,HOUSTON,PHILADELPHIA,BATON ROUGE,KALAMA,PUERTO QUETZAL
MAILIAO,0,102,1081,15410,13340,15328,19720,16423
KAOHSIUNG,102,0,1182,15348,13277,15266,19774,16360
ULSAN,1081,1182,0,16475,14403,16394,20785,17486
HOUSTON,15410,15348,16475,0,2213,632,6657,3232
PHILADELPHIA,13340,13277,14403,2213,0,2131,6746,3316
BATON ROUGE,15328,15266,16394,632,2131,0,6569,3143
KALAMA,19720,19774,20785,6657,6746,6569,0,3430
PUERTO QUETZAL,16423,16360,17486,3232,3316,3143,3430,0
